40.184754,19.83898
40.184259,19.838522
40.184288,19.838486
40.184544,19.838224
40.184589,19.838199
40.184822,19.838085
40.185069,19.838074
40.185104,19.838058
40.185125,19.838016
40.185358,19.838011
40.185402,19.83802
40.185456,19.838047
40.185486,19.838156
40.185525,19.838191
40.185601,19.838244
40.185771,19.838523
40.185799,19.838566
40.185878,19.838774
40.185904,19.838861
40.185904,19.838909
40.18576,19.838959
40.185731,19.838988
40.185497,19.838891
40.185429,19.838828
40.185413,19.838783
40.185098,19.838692
40.185066,19.838668
40.18503,19.838644
40.184992,19.838626
40.184955,19.838625
40.184739,19.838704
40.184731,19.83876
40.184691,19.838765
40.184656,19.838677
40.18462,19.838634
40.184651,19.838727
40.184687,19.838706
40.184888,19.838571
40.184911,19.83861
40.18493,19.838543
40.184932,19.838592
40.18497,19.838629
40.185036,19.838726
40.185068,19.838748
40.1851,19.838771
40.185303,19.838824
40.185438,19.83896
40.185475,19.838959
40.185564,19.839002
40.185603,19.839043
40.185831,19.839333
40.185875,19.839356
40.18602,19.839647
40.185977,19.839666
40.186009,19.839705
40.18603,19.839752
40.186045,19.839809
40.186044,19.839858
40.186018,19.84011
40.186027,19.840169
40.186052,19.840204
40.187878,19.842231
40.187917,19.842249
40.187946,19.842212
40.187983,19.842208
40.18828,19.8423
40.188315,19.842316
40.188354,19.842348
40.188389,19.842381
40.188509,19.842428
40.188553,19.84243
40.188592,19.842418
40.18873,19.842348
40.188762,19.842302
40.188831,19.842298
40.188855,19.842349
40.188885,19.84231
40.188914,19.842276
40.188959,19.84227
40.188995,19.842285
40.189374,19.842322
40.18941,19.842312
40.189449,19.842305
40.189493,19.842318
40.189532,19.842308
40.189573,19.842305
40.18961,19.842306
40.189853,19.842446
40.189896,19.84245
40.189934,19.842447
40.189962,19.84249
40.189986,19.842526
40.19001,19.842581
40.190052,19.842572
40.190111,19.842626
40.190818,19.842545
40.190854,19.842524
40.190892,19.84258
40.190868,19.84262
40.190874,19.842567
40.190894,19.84263
40.1909,19.842721
40.190885,19.84278
40.190913,19.842737
40.190857,19.842772
40.190929,19.842813
40.190941,19.842874
40.190927,19.842923
40.190947,19.843187
40.190966,19.84324
40.190894,19.84348
40.190915,19.843524
40.190903,19.843571
40.190858,19.843621
40.190846,19.843681
40.190868,19.843729
40.190866,19.843786
40.190865,19.843843
40.190839,19.843882
40.190829,19.843929
40.190842,19.843975
40.191225,19.84447
40.191257,19.844495
40.191313,19.844476
40.191261,19.844563
40.191243,19.844508
40.191306,19.844584
40.191308,19.844631
40.191643,19.84503
40.191678,19.845065
40.191851,19.845386
40.191883,19.84543
40.19194,19.845509
40.191965,19.845549
40.192008,19.845555
40.192063,19.84564
40.19208,19.845689
40.192094,19.84574
40.192126,19.845766
40.192148,19.845866
40.192171,19.845905
40.192274,19.846116
40.192284,19.846167
40.192425,19.84667
40.192446,19.846724
40.192466,19.84677
40.192625,19.847011
40.192555,19.847042
40.192557,19.847266
40.192731,19.8476
40.192555,19.847765
40.1927,19.847832
40.192685,19.847877
40.192761,19.847912
40.192668,19.848052
40.192696,19.848214
40.192651,19.848256
40.192662,19.848302
40.1926,19.848454
40.192659,19.848455
40.192653,19.848505
40.192615,19.848505
40.192665,19.848543
40.19269,19.848584
40.192729,19.848585
40.192707,19.84863
40.192699,19.848552
40.192716,19.848627
40.192746,19.848674
40.192748,19.84861
40.192875,19.84856
40.192843,19.848583
40.192761,19.848699
40.192682,19.849072
40.192725,19.849235
40.192736,19.849285
40.192777,19.849503
40.192769,19.849555
40.192739,19.849701
40.192639,19.849889
40.192623,19.850091
40.192627,19.850153
40.192702,19.850409
40.192709,19.850468
40.192755,19.850731
40.192781,19.85077
40.193363,19.851205
40.193557,19.851294
40.193593,19.851293
40.194027,19.851348
40.194067,19.851364
40.194102,19.851383
40.194937,19.85194
40.194972,19.851962
40.195002,19.851993
40.195062,19.852122
40.195082,19.852165
40.195204,19.852189
40.195283,19.852162
40.195348,19.852268
40.195313,19.852282
40.195336,19.852241
40.195375,19.852235
40.19555,19.852237
40.195596,19.852245
40.195788,19.852323
40.195866,19.852342
40.196053,19.852224
40.196419,19.85221
40.196455,19.852198
40.19722,19.851893
40.197259,19.851893
40.197342,19.851914
40.19738,19.851934
40.198122,19.85246
40.198151,19.852491
40.198229,19.852609
40.198335,19.852676
40.198423,19.852786
40.198512,19.852806
40.198434,19.852843
40.198423,19.852941
40.198441,19.852995
40.198521,19.853105
40.198568,19.853248
40.198566,19.853364
40.198602,19.853456
40.198855,19.854296
40.199173,19.854895
40.19949,19.855166
40.199581,19.85515
40.1996,19.855197
40.199803,19.855181
40.199842,19.855194
40.199872,19.855231
40.199912,19.855221
40.200431,19.85577
40.200465,19.855788
40.200518,19.85586
40.200562,19.855862
40.200634,19.855909
40.200668,19.855929
40.200742,19.855996
40.20077,19.856042
40.201039,19.856404
40.201074,19.856505
40.201089,19.856611
40.201109,19.856656
40.20129,19.857689
40.201291,19.857752
40.201282,19.857803
40.201252,19.857843
40.201147,19.858197
40.201149,19.858296
40.201044,19.858457
40.20101,19.858443
40.20092,19.85854
40.2009,19.858589
40.200145,19.859931
40.200032,19.859955
40.199999,19.860059
40.199887,19.860122
40.199809,19.86015
40.199745,19.860221
40.199718,19.860264
40.199599,19.86043
40.199558,19.860441
40.19948,19.860474
40.199464,19.860523
40.199387,19.860564
40.199362,19.860604
40.199314,19.860814
40.19929,19.86085
40.199249,19.86087
40.199199,19.860843
40.19912,19.860886
40.199089,19.860912
40.199038,19.860989
40.198957,19.861019
40.198814,19.861125
40.198791,19.861166
40.198241,19.862011
40.198346,19.862098
40.198295,19.862194
40.198081,19.862298
40.198013,19.862329
40.198058,19.862345
40.19805,19.862529
40.19802,19.86256
40.198043,19.862487
40.198018,19.86245
40.19798,19.862438
40.197948,19.862462
40.197914,19.862485
40.197904,19.862642
40.197994,19.863162
40.198051,19.863249
40.198091,19.863291
40.19824,19.863485
40.198264,19.863532
40.199026,19.865101
40.199042,19.865152
40.199046,19.865249
40.199034,19.8653
40.199032,19.865408
40.199039,19.865455
40.199024,19.865498
40.199032,19.865595
40.199058,19.865654
40.19907,19.865703
40.19907,19.865907
40.198975,19.866021
40.198869,19.86637
40.198859,19.866496
40.198853,19.866554
40.19883,19.866592
40.198828,19.866772
40.198812,19.866816
40.198789,19.866854
40.198703,19.866913
40.198727,19.867022
40.198682,19.867107
40.198649,19.867144
40.198304,19.867353
40.198274,19.867384
40.198191,19.867408
40.198151,19.867498
40.198175,19.867597
40.198139,19.867626
40.198122,19.867671
40.197988,19.867848
40.197982,19.867896
40.197919,19.868081
40.197916,19.868136
40.197876,19.868284
40.19788,19.868344
40.197836,19.868898
40.197837,19.868957
40.198029,19.869385
40.198057,19.869418
40.198212,19.869618
40.198242,19.869706
40.198283,19.869731
40.198299,19.869778
40.198663,19.870122
40.198688,19.870161
40.198753,19.870298
40.198765,19.870353
40.198938,19.870566
40.198967,19.87061
40.199005,19.870637
40.199109,19.870799
40.199138,19.87083
40.199225,19.870935
40.199252,19.870978
40.199251,19.871027
40.19929,19.871125
40.199248,19.871223
40.19925,19.871379
40.199249,19.871372
40.199262,19.871434
40.199236,19.871709
40.199219,19.871754
40.199217,19.871809
40.199223,19.87187
40.199274,19.872263
40.199272,19.872315
40.19926,19.87237
40.199319,19.872582
40.199319,19.872633
40.199284,19.872724
40.1993,19.872766
40.199287,19.872815
40.199346,19.87296
40.199349,19.87301
40.199301,19.873148
40.199319,19.873246
40.199195,19.873315
40.199217,19.873352
40.19925,19.873581
40.199255,19.873629
40.19925,19.873683
40.199277,19.873832
40.199319,19.873872
40.199366,19.874074
40.199384,19.874119
40.199443,19.874384
40.19944,19.874438
40.199581,19.874851
40.199582,19.874958
40.199595,19.875023
40.19959,19.875108
40.1996,19.875169
40.199573,19.875339
40.199593,19.875831
40.199575,19.875876
40.199561,19.875977
40.199551,19.876026
40.199533,19.876346
40.199525,19.876393
40.199516,19.876443
40.199507,19.87649
40.199492,19.876534
40.199459,19.876558
40.199345,19.876786
40.199339,19.876851
40.199258,19.877005
40.199245,19.87705
40.199232,19.87721
40.199218,19.877254
40.199214,19.877311
40.199104,19.877536
40.19904,19.877598
40.199032,19.877646
40.198985,19.877737
40.198961,19.877756
40.198896,19.87784
40.198838,19.877996
40.19839,19.878508
40.198278,19.878858
40.198248,19.878905
40.198233,19.878952
40.198166,19.879012
40.198061,19.879195
40.198038,19.879232
40.198006,19.879258
40.197898,19.879413
40.197882,19.879459
40.197782,19.879569
40.197745,19.879596
40.197697,19.879691
40.197663,19.879721
40.197401,19.87992
40.197325,19.879927
40.197287,19.879907
40.197208,19.879873
40.197167,19.879879
40.197145,19.879923
40.196853,19.879987
40.196803,19.879979
40.19672,19.879978
40.196628,19.880008
40.196551,19.879998
40.196521,19.879964
40.196429,19.880041
40.196379,19.880084
40.196339,19.880113
40.19623,19.880183
40.196113,19.880408
40.196078,19.88051
40.195876,19.880599
40.195844,19.880632
40.19562,19.881113
40.195602,19.881169
40.195579,19.881279
40.195577,19.881333
40.195546,19.881552
40.195524,19.88161
40.195511,19.881771
40.195516,19.881825
40.19555,19.881982
40.195547,19.882145
40.195536,19.882202
40.195478,19.882458
40.195466,19.882518
40.195483,19.882875
40.195485,19.882938
40.19548,19.882994
40.19546,19.883103
40.195462,19.883222
40.195472,19.883277
40.195655,19.883756
40.195667,19.883812
40.195663,19.883859
40.195631,19.883897
40.195611,19.884003
40.195618,19.884118
40.195628,19.88417
40.195641,19.884343
40.195627,19.884402
40.195596,19.8845
40.195645,19.884561
40.195608,19.884585
40.195471,19.884968
40.195451,19.885013
40.195441,19.88507
40.195334,19.885247
40.195309,19.885458
40.195301,19.885511
40.195232,19.885639
40.19523,19.885707
40.195195,19.885867
40.195191,19.885922
40.19514,19.88606
40.195155,19.88613
40.195126,19.886177
40.195034,19.886425
40.195014,19.886531
40.194985,19.886566
40.194509,19.887357
40.194429,19.887405
40.194386,19.887487
40.194351,19.88752
40.19432,19.887549
40.194326,19.887696
40.194217,19.887783
40.19415,19.88799
40.194033,19.888129
40.194039,19.888178
40.19399,19.888265
40.193962,19.8883
40.193724,19.888584
40.19369,19.888674
40.193581,19.888758
40.193533,19.888919
40.193504,19.888953
40.193485,19.889111
40.193435,19.889182
40.193442,19.889232
40.193438,19.889402
40.193397,19.889494
40.193396,19.889692
40.19339,19.889744
40.193303,19.889997
40.193313,19.890047
40.193323,19.890152
40.193355,19.890127
40.193534,19.890284
40.193575,19.890299
40.193639,19.890248
40.193675,19.890262
40.193671,19.890319
40.193704,19.890413
40.193777,19.890492
40.193799,19.89055
40.193871,19.890612
40.193913,19.890614
40.193978,19.890676
40.194018,19.890676
40.194133,19.890832
40.194176,19.890848
40.19436,19.890783
40.19443,19.890714
40.194318,19.890652
40.194255,19.890712
40.19411,19.8906
40.194116,19.890526
40.194218,19.890266
40.194198,19.890119
40.1942,19.890071
40.194084,19.889842
40.194083,19.889791
40.19409,19.889728
40.194157,19.889578
40.194172,19.889284
40.194259,19.889143
40.194287,19.889049
40.19439,19.88901
40.19446,19.888957
40.194613,19.888739
40.194633,19.888684
40.194713,19.8886
40.194836,19.888403
40.195087,19.888368
40.195096,19.888318
40.195202,19.888228
40.195239,19.888234
40.195354,19.888195
40.195386,19.888171
40.195434,19.888078
40.196518,19.887449
40.1966,19.887321
40.196608,19.887268
40.196632,19.887221
40.196828,19.887237
40.196833,19.887286
40.196815,19.887331
40.196763,19.887524
40.196774,19.887626
40.196754,19.887673
40.196748,19.887889
40.196788,19.888092
40.196821,19.888124
40.196872,19.888199
40.196893,19.888253
40.196917,19.888355
40.196927,19.888404
40.196911,19.888524
40.196789,19.888717
40.196701,19.888762
40.196447,19.888835
40.196417,19.88888
40.196424,19.888938
40.196547,19.889115
40.196582,19.889135
40.196687,19.889207
40.196724,19.889206
40.196883,19.889179
40.196925,19.889162
40.197002,19.889177
40.197037,19.889213
40.197058,19.889253
40.197074,19.889297
40.19708,19.889407
40.197071,19.88947
40.197064,19.889643
40.197076,19.889693
40.197113,19.889739
40.197198,19.889769
40.197439,19.889677
40.197473,19.889637
40.197481,19.889575
40.197447,19.889441
40.197471,19.889264
40.197536,19.889127
40.197621,19.889084
40.197652,19.889116
40.197684,19.889317
40.197713,19.889411
40.197744,19.889442
40.197941,19.889721
40.198003,19.889862
40.198037,19.889905
40.198081,19.890062
40.198126,19.890095
40.198161,19.890079
40.19819,19.890036
40.198216,19.889926
40.198241,19.889878
40.198258,19.889658
40.198283,19.889602
40.198397,19.889524
40.198506,19.889558
40.198547,19.889584
40.198729,19.889584
40.198773,19.889604
40.198855,19.889607
40.19889,19.889626
40.19892,19.889655
40.199019,19.889773
40.199055,19.889792
40.199138,19.889794
40.199171,19.889765
40.199393,19.889633
40.199433,19.88963
40.199492,19.889686
40.199528,19.889712
40.199603,19.889753
40.199695,19.889944
40.1997,19.890007
40.199736,19.890099
40.199763,19.89015
40.200047,19.890443
40.200268,19.890549
40.200384,19.890486
40.200432,19.890499
40.200577,19.89041
40.200609,19.890377
40.200777,19.890319
40.200987,19.890318
40.201024,19.890327
40.201057,19.890349
40.201138,19.890354
40.20118,19.890341
40.201365,19.890188
40.201658,19.89018
40.20179,19.890237
40.201883,19.890224
40.201961,19.890178
40.202001,19.890197
40.202075,19.890181
40.202399,19.890334
40.20254,19.890451
40.202538,19.890453
40.202563,19.890494
40.202663,19.890606
40.202704,19.890622
40.202734,19.890649
40.2028,19.890734
40.202825,19.890777
40.202917,19.8909
40.20293,19.89096
40.203046,19.891191
40.203068,19.891233
40.2031,19.891277
40.203111,19.891324
40.203137,19.891363
40.203171,19.891402
40.203205,19.891444
40.203239,19.891473
40.203326,19.891613
40.203361,19.89163
40.2034,19.891656
40.203422,19.891695
40.203492,19.891745
40.203526,19.891715
40.203571,19.891694
40.203616,19.89169
40.204531,19.89184
40.204587,19.89184
40.204717,19.891872
40.204783,19.891949
40.204818,19.891997
40.204828,19.892063
40.20482,19.892115
40.204873,19.892339
40.204867,19.89245
40.204817,19.892617
40.204831,19.892896
40.204866,19.892932
40.204871,19.892983
40.204914,19.893015
40.205574,19.892908
40.205618,19.892918
40.205676,19.892916
40.20567,19.892975
40.205712,19.892985
40.205782,19.893058
40.20587,19.893077
40.205914,19.893156
40.206097,19.893274
40.206227,19.893267
40.206265,19.893282
40.207099,19.893357
40.207136,19.893373
40.207265,19.893516
40.207312,19.893515
40.207695,19.8934
40.207735,19.893374
40.207821,19.89333
40.207857,19.893333
40.208108,19.893372
40.208194,19.893315
40.208517,19.893384
40.208672,19.893389
40.208789,19.893471
40.208814,19.893531
40.20883,19.893687
40.209166,19.894097
40.209241,19.894068
40.209295,19.894066
40.209534,19.894253
40.209621,19.894282
40.209726,19.894394
40.20975,19.894434
40.209775,19.894474
40.210026,19.894911
40.210047,19.895037
40.210091,19.895132
40.210129,19.895161
40.210258,19.89536
40.210296,19.895386
40.210338,19.895487
40.210367,19.895521
40.210398,19.895551
40.210436,19.89563
40.210744,19.896714
40.210767,19.896765
40.210837,19.896837
40.210867,19.896875
40.210931,19.89695
40.210967,19.89697
40.211089,19.89701
40.211122,19.897052
40.211136,19.897096
40.211246,19.89708
40.211252,19.897025
40.211399,19.897206
40.211413,19.897251
40.211422,19.897353
40.211566,19.897634
40.211644,19.897698
40.211674,19.897748
40.211689,19.897801
40.21177,19.898306
40.211781,19.898356
40.211804,19.898394
40.211808,19.898453
40.211785,19.898499
40.211853,19.898719
40.211859,19.89888
40.2119,19.898913
40.211987,19.89889
40.211949,19.898869
40.211989,19.898855
40.212056,19.898999
40.212128,19.899066
40.212293,19.899049
40.212284,19.899094
40.212252,19.89907
40.212224,19.899102
40.212367,19.899085
40.214263,19.898599
40.21468,19.898335
40.214783,19.898743
40.214744,19.898859
40.214759,19.898961
40.214683,19.899425
40.21468,19.899483
40.21466,19.899648
40.214668,19.8997
40.214724,19.89984
40.214721,19.899889
40.21474,19.899985
40.215003,19.900416
40.21501,19.900475
40.214969,19.900564
40.214973,19.900624
40.215043,19.900775
40.215086,19.901201
40.215059,19.901361
40.21511,19.901516
40.215106,19.901563
40.215032,19.901713
40.215067,19.901739
40.215004,19.901873
40.21496,19.902027
40.214978,19.902057
40.214999,19.902016
40.215044,19.902028
40.215125,19.901937
40.215145,19.901896
40.215139,19.901843
40.215178,19.901762
40.215142,19.901749
40.215038,19.901896
40.215001,19.901877
40.214914,19.901681
40.214914,19.901629
40.214952,19.90161
40.214997,19.901401
40.214957,19.901371
40.214787,19.900828
40.214761,19.900791
40.214766,19.900742
40.214914,19.900603
40.214942,19.900564
40.214963,19.900508
40.214966,19.900455
40.214965,19.900406
40.214873,19.900288
40.214863,19.900231
40.214794,19.900104
40.214774,19.899989
40.214749,19.899938
40.214762,19.899826
40.214761,19.899778
40.214759,19.899716
40.214693,19.89931
40.214687,19.899256
40.214687,19.899193
40.214719,19.899043
40.214769,19.898965
40.214773,19.898904
40.214765,19.898854
40.214744,19.89881
40.214734,19.898709
40.214703,19.898619
40.214739,19.898512
40.214698,19.8983
40.214706,19.898252
40.214774,19.898194
40.214835,19.898107
40.214918,19.898065
40.214944,19.898021
40.216367,19.897117
40.216397,19.897077
40.216416,19.897026
40.216453,19.897015
40.216587,19.896922
40.216719,19.896696
40.216733,19.896639
40.216765,19.896602
40.216954,19.896305
40.216987,19.896274
40.217021,19.896234
40.217066,19.896205
40.217096,19.896166
40.217311,19.896
40.217365,19.895908
40.217407,19.895893
40.218579,19.895048
40.218608,19.895076
40.218653,19.895037
40.218952,19.894921
40.219001,19.89491
40.219091,19.894915
40.219137,19.894894
40.219215,19.894851
40.219257,19.89485
40.219323,19.894781
40.219443,19.894607
40.220065,19.893708
40.220096,19.893656
40.220117,19.893613
40.220191,19.893543
40.220217,19.893507
40.220253,19.89349
40.220339,19.89338
40.220354,19.893322
40.220393,19.893233
40.220422,19.893196
40.220437,19.893153
40.22048,19.892938
40.220482,19.892826
40.220479,19.892776
40.220564,19.892382
40.220542,19.892339
40.220546,19.892284
40.220578,19.892253
40.220676,19.892031
40.220684,19.891973
40.220701,19.891929
40.220698,19.891878
40.220814,19.891501
40.220801,19.891442
40.22076,19.891458
40.220724,19.891133
40.220753,19.891029
40.220758,19.890966
40.220757,19.890909
40.220812,19.8907
40.220924,19.890565
40.220956,19.890542
40.220983,19.890503
40.222477,19.889802
40.222514,19.889779
40.222556,19.889765
40.222595,19.889767
40.222809,19.889673
40.223672,19.888879
40.223705,19.88886
40.223781,19.888841
40.223819,19.888847
40.223897,19.888874
40.223971,19.88893
40.22405,19.889178
40.22406,19.889292
40.224057,19.88935
40.224106,19.889507
40.224173,19.889579
40.224218,19.889673
40.224337,19.889854
40.224479,19.889972
40.224702,19.890081
40.224787,19.890081
40.224825,19.890074
40.224861,19.890048
40.22495,19.889918
40.224999,19.889697
40.224989,19.889647
40.224865,19.88946
40.224694,19.889316
40.224674,19.889262
40.224692,19.889088
40.22472,19.889044
40.224763,19.889018
40.224893,19.888992
40.224932,19.888978
40.224969,19.888965
40.225227,19.888778
40.225296,19.888623
40.225335,19.888279
40.225332,19.888222
40.22536,19.888006
40.22538,19.88795
40.225396,19.887893
40.225434,19.88774
40.225444,19.887677
40.225529,19.887475
40.22555,19.887366
40.225568,19.88734
40.225655,19.887201
40.225697,19.887169
40.225866,19.886937
40.225905,19.886918
40.226014,19.886977
40.226062,19.889626
40.226069,19.88983
40.226096,19.88987
40.22621,19.89033
40.226231,19.890378
40.226244,19.890427
40.226243,19.890479
40.226253,19.890534
40.226256,19.890586
40.22625,19.890655
40.226416,19.891284
40.226428,19.891344
40.226449,19.891398
40.226477,19.891448
40.226493,19.891506
40.226575,19.891685
40.226593,19.89173
40.226625,19.891765
40.226651,19.891813
40.226681,19.891848
40.226715,19.891872
40.226752,19.891883
40.226794,19.891868
40.227522,19.890769
40.227534,19.890612
40.227558,19.890557
40.227595,19.890528
40.227692,19.890519
40.227729,19.89049
40.227817,19.890675
40.227809,19.890919
40.227814,19.890966
40.227851,19.891139
40.227879,19.891187
40.227897,19.891239
40.22805,19.891325
40.228111,19.891269
40.228152,19.891258
40.228189,19.891243
40.228295,19.891153
40.228339,19.891133
40.22847,19.890905
40.228482,19.890845
40.228512,19.89081
40.228545,19.89079
40.228706,19.890534
40.228807,19.890086
40.228899,19.889824
40.228932,19.889794
40.228956,19.889739
40.228984,19.889705
40.229042,19.889563
40.229016,19.889516
40.229021,19.889468
40.229003,19.889356
40.228979,19.889316
40.228913,19.889039
40.22894,19.88893
40.228938,19.888882
40.22896,19.888833
40.228951,19.888781
40.228968,19.888679
40.228987,19.888636
40.229856,19.887282
40.229872,19.887237
40.229876,19.88719
40.229976,19.88707
40.230022,19.887055
40.230094,19.887099
40.230084,19.887166
40.230102,19.887264
40.230129,19.887304
40.23014,19.887354
40.230052,19.88757
40.230045,19.887629
40.230059,19.88786
40.23008,19.887908
40.230125,19.888179
40.2302,19.888312
40.230232,19.88834
40.230312,19.888391
40.230341,19.888426
40.23035,19.888481
40.230419,19.88862
40.230419,19.888735
40.230442,19.888839
40.230488,19.888927
40.230495,19.888988
40.230552,19.889077
40.230537,19.889261
40.230539,19.889312
40.230538,19.889362
40.230476,19.889513
40.230308,19.889701
40.230292,19.889753
40.230287,19.8898
40.230371,19.890013
40.230403,19.89004
40.230456,19.890127
40.230471,19.890178
40.230507,19.890286
40.230542,19.89031
40.230632,19.890561
40.230661,19.89061
40.230762,19.890797
40.230796,19.890826
40.231001,19.890912
40.231038,19.890923
40.231077,19.890909
40.231419,19.891179
40.231453,19.891199
40.231584,19.891216
40.231626,19.89121
40.231661,19.891198
40.231809,19.891187
40.231852,19.891172
40.232768,19.890421
40.232804,19.890396
40.232827,19.890353
40.232864,19.890347
40.232903,19.890334
40.232936,19.890307
40.232967,19.890283
40.232997,19.89025
40.233043,19.890221
40.233076,19.890201
40.233084,19.890153
40.233099,19.890097
40.234171,19.889343
40.234527,19.88924
40.234551,19.889203
40.234584,19.889179
40.23462,19.889173
40.234658,19.889174
40.234739,19.88915
40.234868,19.889221
40.23495,19.889218
40.235221,19.889501
40.235241,19.889548
40.23536,19.889909
40.235357,19.889964
40.235333,19.890137
40.235339,19.890201
40.235471,19.89061
40.235501,19.890651
40.235571,19.890794
40.235642,19.890854
40.235756,19.891076
40.235789,19.891097
40.235819,19.891129
40.235942,19.891444
40.235989,19.891521
40.236003,19.891625
40.236037,19.891658
40.236109,19.891796
40.236501,19.892008
40.236532,19.892045
40.236561,19.892092
40.236629,19.892297
40.23664,19.892469
40.236646,19.892517
40.236729,19.892775
40.236739,19.892832
40.236735,19.892896
40.236742,19.892945
40.236764,19.893503
40.236759,19.893555
40.236584,19.89423
40.23657,19.894631
40.236559,19.894683
40.236342,19.89566
40.236336,19.895724
40.23633,19.895778
40.236479,19.896321
40.236489,19.89637
40.236525,19.896485
40.249014,19.898614
40.248976,19.898654
40.248998,19.898703
40.249049,19.898874
40.249214,19.899132
40.24923,19.899175
40.249245,19.89922
40.249269,19.899429
40.24933,19.899521
40.249447,19.899582
40.249662,19.899928
40.249694,19.899952
40.249773,19.900095
40.249782,19.900205
40.249806,19.900243
40.249841,19.900451
40.249848,19.9005
40.249865,19.900552
40.250134,19.901035
40.250148,19.901083
40.250201,19.901228
40.250224,19.901273
40.250463,19.901595
40.2505,19.901688
40.250584,19.901749
40.250789,19.902036
40.250814,19.902073
40.250856,19.902175
40.250885,19.902224
40.250946,19.90242
40.250967,19.902483
40.251021,19.902871
40.251083,19.902959
40.251272,19.903057
40.251411,19.90334
40.25161,19.903489
40.251702,19.903821
40.251775,19.903957
40.252172,19.904818
40.252216,19.905136
40.252271,19.90522
40.252399,19.905247
40.252416,19.90529
40.252385,19.905518
40.25249,19.905924
40.252489,19.906041
40.252324,19.908057
40.252304,19.908557
40.252277,19.908666
40.252282,19.908769
40.252271,19.908816
40.251436,19.910042
40.251353,19.910302
40.251335,19.910353
40.25131,19.910405
40.251024,19.91073
40.250989,19.91075
40.25081,19.910774
40.250773,19.910758
40.250741,19.910738
40.250578,19.910982
40.250544,19.911135
40.250468,19.911171
40.250199,19.911446
40.250169,19.911491
40.250088,19.911792
40.250069,19.911836
40.250106,19.912655
40.250085,19.912704
40.249989,19.912863
40.249955,19.912893
40.24992,19.91293
40.249676,19.913028
40.249638,19.913048
40.249557,19.913174
40.249536,19.913272
40.249533,19.913327
40.249536,19.913657
40.249542,19.913759
40.24932,19.914168
40.249292,19.914318
40.249292,19.914479
40.249329,19.914577
40.249333,19.914631
40.249281,19.91488
40.24922,19.914942
40.249038,19.91492
40.248927,19.914974
40.24889,19.915002
40.248345,19.91578
40.248313,19.915822
40.248076,19.915932
40.248042,19.915956
40.247423,19.916771
40.247363,19.916984
40.24725,19.917136
40.247056,19.917253
40.247019,19.917275
40.246861,19.917306
40.246735,19.917494
40.246727,19.917553
40.246721,19.917655
40.246698,19.917709
40.246623,19.917717
40.24654,19.917695
40.246306,19.917737
40.246266,19.917754
40.246194,19.917798
40.246161,19.917835
40.246131,19.917931
40.246111,19.918031
40.24609,19.918073
40.246059,19.918096
40.245986,19.918124
40.24597,19.918177
40.245937,19.91821
40.245833,19.918124
40.245769,19.918245
40.245758,19.918293
40.245728,19.918332
40.245719,19.918427
40.245652,19.918484
40.245573,19.918486
40.245507,19.918551
40.245422,19.918582
40.245352,19.91863
40.244749,19.919248
40.244739,19.919306
40.244668,19.9194
40.244645,19.919439
40.244472,19.91961
40.244432,19.919651
40.244354,19.919679
40.244279,19.919711
40.244246,19.91974
40.244171,19.919693
40.244129,19.919697
40.24368,19.92041
40.243645,19.920612
40.243678,19.920745
40.243612,19.9208
40.243578,19.920915
40.243554,19.92101
40.243542,19.92106
40.243831,19.922052
40.243874,19.922023
40.243907,19.921984
40.244057,19.922083
40.24412,19.922224
40.244153,19.92224
40.244201,19.922262
40.244224,19.922291
40.244268,19.922231
40.244343,19.922166
40.244344,19.922266
40.244667,19.92253
40.244662,19.922585
40.244596,19.922653
40.244608,19.922702
40.24459,19.922759
40.244608,19.922806
40.244682,19.922833
40.244696,19.922881
40.244668,19.922976
40.244702,19.923001
40.244785,19.923018
40.244956,19.923211
40.245017,19.923238
40.245104,19.923245
40.245193,19.923127
40.245229,19.923112
40.245398,19.923135
40.245428,19.923175
40.245501,19.923219
40.245576,19.923213
40.245713,19.923396
40.24576,19.923398
40.245894,19.923376
40.245921,19.92342
40.245925,19.923481
40.245996,19.923636
40.24607,19.923703
40.246067,19.923754
40.246081,19.923807
40.246132,19.923882
40.246131,19.923931
40.246104,19.92397
40.246154,19.924063
40.246138,19.924377
40.246121,19.924421
40.246167,19.924504
40.246204,19.924497
40.246283,19.924681
40.246298,19.924775
40.246343,19.924858
40.246399,19.925053
40.246515,19.925129
40.246622,19.92549
40.246663,19.925514
40.246692,19.92555
40.246745,19.925763
40.246735,19.925865
40.246844,19.926202
40.24685,19.926305
40.246874,19.926347
40.246908,19.926505
40.246923,19.926555
40.247006,19.926675
40.247042,19.926682
40.247047,19.926733
40.24709,19.927151
40.24725,19.927449
40.247242,19.927603
40.24728,19.927692
40.247314,19.927713
40.247482,19.928042
40.247507,19.928215
40.247548,19.928271
40.247534,19.928329
40.24754,19.928382
40.24759,19.92846
40.247671,19.928494
40.247692,19.9286
40.247686,19.928655
40.247692,19.928716
40.247674,19.928816
40.247692,19.928859
40.247714,19.92892
40.247678,19.929288
40.247502,19.929846
40.247511,19.929954
40.247496,19.930021
40.247239,19.930535
40.247239,19.930593
40.247189,19.930674
40.247183,19.930725
40.247225,19.93081
40.247215,19.930861
40.247143,19.930916
40.247103,19.930894
40.247073,19.930809
40.246994,19.930771
40.24692,19.93066
40.246849,19.93101
40.246805,19.930983
40.246802,19.930932
40.246576,19.930768
40.246542,19.93067
40.246476,19.930724
40.24646,19.930768
40.24639,19.930792
40.246374,19.930838
40.246398,19.930945
40.246381,19.93099
40.246344,19.931002
40.246161,19.930902
40.24609,19.930935
40.246052,19.930921
40.246024,19.93088
40.246019,19.930778
40.245866,19.931019
40.245835,19.931049
40.245831,19.931102
40.246076,19.931391
40.246122,19.931498
40.246118,19.931706
40.246102,19.931767
40.246386,19.932229
40.246446,19.932383
40.246563,19.932441
40.246607,19.932529
40.246692,19.932584
40.246732,19.93258
40.24698,19.932716
40.247018,19.932709
40.247069,19.932697
40.247098,19.932781
40.24827,19.93326
40.248327,19.933272
40.248493,19.933475
40.24853,19.93348
40.24886,19.933634
40.248894,19.933658
40.249212,19.93396
40.249386,19.933998
40.249596,19.934324
40.24961,19.934493
40.249621,19.934537
40.249667,19.934625
40.249673,19.93468
40.249651,19.934719
40.249848,19.935403
40.249847,19.935485
40.24991,19.935544
40.249927,19.935594
40.249998,19.935642
40.25035,19.93573
40.250377,19.935775
40.250442,19.935816
40.250456,19.935869
40.250485,19.935913
40.250517,19.936012
40.250632,19.936099
40.250675,19.936102
40.250759,19.93616
40.250781,19.936216
40.250853,19.936279
40.250951,19.936471
40.250997,19.936507
40.251042,19.936518
40.251103,19.936605
40.251115,19.93665
40.25112,19.936829
40.251077,19.936815
40.251034,19.937034
40.251048,19.937088
40.251051,19.937137
40.250987,19.937409
40.251062,19.937627
40.250989,19.937711
40.250951,19.937721
40.250934,19.937772
40.250716,19.938041
40.250796,19.938171
40.250765,19.938309
40.250738,19.938379
40.250906,19.938973
40.25094,19.939068
40.250942,19.939178
40.250975,19.939295
40.251066,19.939489
40.251038,19.939705
40.251081,19.939681
40.251118,19.939772
40.251151,19.939802
40.251189,19.939785
40.251161,19.939689
40.251201,19.939701
40.251211,19.93965
40.251252,19.939667
40.251268,19.93961
40.251304,19.939617
40.251346,19.939424
40.251382,19.939418
40.25138,19.939467
40.251589,19.939428
40.251573,19.939475
40.251783,19.939456
40.251798,19.9394
40.25189,19.939351
40.252092,19.939325
40.252128,19.939341
40.252212,19.939343
40.252255,19.939327
40.252248,19.939279
40.252519,19.939471
40.252563,19.939472
40.252801,19.939347
40.253002,19.939321
40.252995,19.939275
40.252977,19.93909
40.253083,19.939032
40.253125,19.939155
40.253273,19.939345
40.253295,19.939476
40.252958,19.939447
40.252986,19.93952
40.253222,19.939657
40.25312,19.939744
40.253115,19.939827
40.252929,19.939869
40.252895,19.939911
40.252771,19.939895
40.252459,19.939956
40.252449,19.940004
40.25247,19.940096
40.252426,19.940121
40.252469,19.940246
40.252529,19.940316
40.252388,19.94036
40.252247,19.940525
40.252222,19.940595
40.252268,19.94079
40.252338,19.940898
40.252277,19.94097
40.252371,19.941048
40.252472,19.941299
40.252588,19.941343
40.252562,19.941291
40.25263,19.941214
40.252638,19.941279
40.252599,19.941375
40.252558,19.941382
40.252564,19.941533
40.252515,19.941651
40.252509,19.941705
40.25266,19.942052
40.252691,19.942102
40.252765,19.94216
40.252849,19.942263
40.252885,19.942272
40.252916,19.942364
40.252947,19.942408
40.25296,19.942455
40.253058,19.942427
40.253096,19.942431
40.253137,19.942471
40.253147,19.942579
40.25315,19.942626
40.253106,19.942789
40.253022,19.942937
40.253008,19.942991
40.252925,19.943175
40.252898,19.943338
40.252821,19.943457
40.252825,19.943556
40.252798,19.943597
40.252737,19.94362
40.252732,19.943676
40.252497,19.944167
40.252504,19.944402
40.25241,19.94439
40.252298,19.944324
40.252269,19.944356
40.252198,19.94471
40.252019,19.9449
40.251963,19.944916
40.251813,19.945141
40.251736,19.94525
40.251264,19.945177
40.251231,19.945211
40.251313,19.945321
40.251314,19.94548
40.251455,19.945609
40.251211,19.945558
40.251167,19.94563
40.251229,19.945657
40.251193,19.945703
40.25102,19.945771
40.250834,19.945755
40.250557,19.945934
40.250627,19.946053
40.250592,19.946132
40.250442,19.946226
40.2508,19.9463
40.250828,19.94634
40.250956,19.946723
40.250951,19.946781
40.250939,19.947082
40.250771,19.947385
40.250855,19.947536
40.250858,19.947594
40.250891,19.947614
40.250846,19.947603
40.250633,19.947614
40.250461,19.947736
40.250468,19.947802
40.250128,19.947862
40.2501,19.947897
40.249908,19.948004
40.249882,19.94804
40.249847,19.948073
40.249768,19.948118
40.249741,19.948161
40.249707,19.948201
40.249615,19.948239
40.249531,19.948354
40.24941,19.948382
40.249356,19.948445
40.249574,19.948614
40.249526,19.948625
40.24937,19.948641
40.24933,19.948659
40.249259,19.94873
40.249237,19.948798
40.249125,19.948884
40.249092,19.948927
40.248889,19.948934
40.248754,19.94909
40.248747,19.94914
40.248682,19.949144
40.24841,19.949324
40.248374,19.949322
40.248339,19.949272
40.248302,19.949266
40.248259,19.949348
40.248304,19.949593
40.248408,19.949733
40.248424,19.949782
40.24851,19.949821
40.24854,19.949882
40.248788,19.950009
40.248788,19.950006
40.248832,19.949992
40.248815,19.950036
40.248725,19.950145
40.248703,19.950197
40.248473,19.9503
40.248396,19.950311
40.248356,19.950301
40.248283,19.950312
40.248256,19.95035
40.248277,19.950391
40.248317,19.950395
40.248534,19.950558
40.248539,19.950674
40.248661,19.950716
40.248654,19.95077
40.248581,19.950814
40.24857,19.950862
40.248705,19.950979
40.248675,19.95101
40.248635,19.951019
40.248429,19.951153
40.248394,19.951138
40.24836,19.95116
40.24832,19.951148
40.248207,19.951187
40.248194,19.951234
40.248168,19.9512
40.248091,19.951204
40.248058,19.951295
40.247975,19.951325
40.247915,19.951272
40.247891,19.95131
40.247817,19.951305
40.247757,19.95136
40.247679,19.951335
40.247608,19.951381
40.247572,19.951386
40.24754,19.951421
40.247545,19.951474
40.247578,19.951514
40.247603,19.951667
40.247531,19.95184
40.247551,19.95239
40.247709,19.952715
40.247675,19.952998
40.247732,19.95342
40.247749,19.953468
40.247745,19.953582
40.247733,19.953637
40.247757,19.95374
40.247749,19.953787
40.247695,19.953857
40.247685,19.953917
40.247567,19.954097
40.247556,19.954216
40.247667,19.95438
40.247682,19.954432
40.247716,19.954474
40.247785,19.954604
40.247816,19.954631
40.247844,19.954661
40.247857,19.954707
40.247863,19.954834
40.248089,19.955268
40.248097,19.95532
40.248142,19.955463
40.248148,19.955517
40.248137,19.955564
40.248116,19.955737
40.24812,19.9558
40.248152,19.955946
40.248174,19.955993
40.248181,19.956049
40.248131,19.956151
40.248131,19.956201
40.248115,19.956244
40.248032,19.956257
40.24796,19.956332
40.247941,19.956487
40.247966,19.956599
40.247844,19.956904
40.247845,19.956952
40.247913,19.95722
40.247913,19.957271
40.247901,19.957332
40.247867,19.957397
40.247947,19.957566
40.247958,19.957674
40.247943,19.957731
40.247918,19.957766
40.247981,19.957837
40.248113,19.957865
40.24815,19.957952
40.248181,19.957991
40.248188,19.958044
40.24827,19.958116
40.248288,19.958162
40.248341,19.958155
40.248454,19.958288
40.248536,19.958309
40.248572,19.95828
40.248733,19.958332
40.24877,19.958335
40.248854,19.95815
40.248892,19.958163
40.248966,19.95814
40.249007,19.958061
40.249188,19.958163
40.249191,19.958239
40.249243,19.958325
40.249284,19.958333
40.249358,19.958297
40.249381,19.958256
40.249451,19.95821
40.2495,19.9583
40.249493,19.958351
40.249519,19.958457
40.24959,19.958482
40.249628,19.958469
40.249664,19.958492
40.249831,19.958438
40.249884,19.958358
40.249868,19.95826
40.249939,19.958316
40.249958,19.958363
40.250389,19.958266
40.250446,19.95841
40.250484,19.958378
40.250617,19.958053
40.250698,19.958071
40.250739,19.958065
40.250769,19.958037
40.250844,19.958049
40.250876,19.958083
40.25088,19.958176
40.250822,19.958278
40.250694,19.958332
40.250671,19.958374
40.250692,19.958425
40.250738,19.958429
40.250771,19.958396
40.250741,19.958598
40.250755,19.958647
40.25083,19.958694
40.250815,19.958744
40.250877,19.958808
40.250917,19.958807
40.25092,19.958706
40.250965,19.958686
40.250986,19.95864
40.251092,19.95861
40.251109,19.958669
40.251109,19.958893
40.251129,19.958997
40.251098,19.959037
40.251094,19.959086
40.251115,19.959129
40.251081,19.959162
40.251144,19.959353
40.251132,19.959404
40.251146,19.959452
40.251139,19.959952
40.251134,19.959999
40.251128,19.960156
40.25114,19.960215
40.251157,19.960259
40.251396,19.960509
40.251371,19.960671
40.251421,19.960824
40.251405,19.960875
40.251338,19.960928
40.251301,19.960928
40.251319,19.960982
40.251318,19.961045
40.251274,19.961265
40.251271,19.961313
40.25128,19.961379
40.251481,19.961667
40.251488,19.961729
40.251463,19.961924
40.251493,19.961965
40.251445,19.96205
40.251577,19.962318
40.251586,19.962377
40.251652,19.962688
40.251752,19.962801
40.251782,19.9629
40.251771,19.962953
40.251705,19.962959
40.251672,19.962984
40.251667,19.963049
40.251676,19.96311
40.25183,19.963667
40.251995,19.963864
40.252017,19.963911
40.252032,19.96397
40.252038,19.96408
40.252025,19.964135
40.25198,19.964244
40.25187,19.964331
40.251903,19.964429
40.251852,19.964504
40.251848,19.964553
40.251811,19.964552
40.251749,19.964633
40.251739,19.964734
40.251782,19.964768
40.2518,19.964828
40.251755,19.964921
40.251771,19.965031
40.251704,19.965157
40.251778,19.965468
40.251772,19.965522
40.251699,19.965594
40.251691,19.965642
40.251767,19.96574
40.251766,19.965739
40.251724,19.965872
40.251728,19.965919
40.25168,19.966129
40.251693,19.96618
40.251679,19.966348
40.251727,19.966499
40.251734,19.966556
40.251655,19.966945
40.251656,19.967
40.251687,19.967044
40.251683,19.967095
40.251656,19.967136
40.251638,19.967241
40.251598,19.967293
40.251509,19.967508
40.251507,19.967555
40.251412,19.967798
40.251429,19.967849
40.25141,19.968079
40.251395,19.968126
40.251309,19.968272
40.251302,19.968323
40.251314,19.968373
40.251155,19.96849
40.251169,19.968545
40.251071,19.96879
40.251064,19.968893
40.250823,19.969167
40.250487,19.969328
40.250445,19.969349
40.250259,19.96941
40.25014,19.969505
40.250108,19.96953
40.249976,19.969579
40.249935,19.969607
40.249818,19.969706
40.249736,19.969754
40.249703,19.969851
40.249567,19.970094
40.249558,19.97014
40.249638,19.970473
40.249711,19.970555
40.249714,19.970865
40.24968,19.970961
40.249729,19.971055
40.249728,19.971107
40.249686,19.971343
40.249663,19.971381
40.249654,19.971488
40.249562,19.971671
40.249554,19.971727
40.249535,19.971775
40.249532,19.972009
40.249504,19.972058
40.249378,19.972194
40.249364,19.972241
40.249393,19.972412
40.249394,19.97247
40.249386,19.972568
40.249443,19.972634
40.249482,19.972634
40.249658,19.972713
40.249677,19.972757
40.249716,19.972764
40.249747,19.9728
40.249752,19.972911
40.249697,19.97312
40.249697,19.973173
40.249739,19.973759
40.249727,19.973862
40.249689,19.973957
40.249678,19.974007
40.249674,19.974056
40.249625,19.974763
40.249626,19.974816
40.249634,19.974971
40.249613,19.975025
40.249552,19.975092
40.249517,19.975117
40.24942,19.975208
40.249398,19.975254
40.249342,19.975396
40.249334,19.975449
40.249333,19.975622
40.248817,19.978827
40.248819,19.978875
40.248777,19.979079
40.248761,19.979462
40.248767,19.979512
40.248779,19.979568
40.24877,19.979723
40.248764,19.979776
40.248681,19.980065
40.248689,19.980175
40.248681,19.980285
40.248667,19.980436
40.248685,19.981025
40.248667,19.981125
40.248675,19.981175
40.248535,19.981534
40.24852,19.981585
40.24851,19.981691
40.248498,19.981744
40.248439,19.981965
40.248437,19.982016
40.248449,19.982082
40.248443,19.982186
40.248404,19.982524
40.24839,19.982577
40.24837,19.982621
40.248203,19.982935
40.248047,19.983313
40.248067,19.983353
40.247867,19.983631
40.247855,19.983675
40.247877,19.984088
40.247887,19.984143
40.247904,19.984194
40.247914,19.984256
40.247921,19.984312
40.247932,19.984362
40.248222,19.985017
40.248194,19.985239
40.248219,19.985334
40.248196,19.985429
40.248199,19.985544
40.248174,19.9857
40.248192,19.98581
40.24819,19.98622
40.248154,19.986311
40.248123,19.986534
40.24808,19.986568
40.248084,19.986621
40.24805,19.986944
40.248079,19.987317
40.248083,19.987366
40.248072,19.987419
40.248054,19.987732
40.248066,19.987787
40.248052,19.987883
40.248125,19.988127
40.248121,19.988177
40.248146,19.988275
40.248138,19.988389
40.248248,19.988691
40.248261,19.988738
40.24827,19.988844
40.248265,19.988893
40.248239,19.988986
40.248264,19.989094
40.248269,19.989157
40.248217,19.989302
40.248217,19.989401
40.248199,19.989458
40.248047,19.989769
40.248035,19.989823
40.248078,19.990295
40.248107,19.99034
40.248119,19.990461
40.248062,19.990726
40.248096,19.990823
40.2481,19.99095
40.248181,19.990962
40.248173,19.991288
40.24819,19.991331
40.248555,19.99178
40.248779,19.991923
40.24881,19.991948
40.248868,19.992017
40.248907,19.992045
40.2493,19.992168
40.24934,19.992183
40.249419,19.992234
40.249456,19.992261
40.250163,19.992671
40.250204,19.992686
40.250415,19.992664
40.250458,19.992672
40.251182,19.992986
40.251268,19.993004
40.251423,19.993161
40.251447,19.993206
40.251466,19.993307
40.251481,19.993355
40.251502,19.993398
40.251494,19.993446
40.251519,19.993547
40.251509,19.993595
40.251606,19.993749
40.251618,19.993795
40.251575,19.994141
40.251636,19.99438
40.251622,19.994655
40.251608,19.994705
40.2516,19.994766
40.251598,19.994819
40.251615,19.994876
40.251637,19.994921
40.251745,19.995151
40.251777,19.99518
40.251825,19.995271
40.251856,19.9953
40.251899,19.995317
40.252027,19.995469
40.252061,19.995486
40.252083,19.995538
40.252149,19.995603
40.252184,19.99562
40.252376,19.995824
40.252367,19.995879
40.252436,19.995923
40.252438,19.995973
40.252488,19.996055
40.252509,19.996104
40.252573,19.996527
40.252591,19.996584
40.252656,19.996665
40.252698,19.996686
40.252807,19.996764
40.252849,19.996759
40.253329,19.997318
40.253348,19.997362
40.253411,19.997488
40.253446,19.997518
40.253509,19.997608
40.253523,19.997664
40.2536,19.997688
40.253621,19.997744
40.253599,19.997869
40.253613,19.998214
40.253829,19.998552
40.253894,19.998778
40.253973,19.999087
40.253969,19.999414
40.253987,19.999462
40.254183,19.999905
40.254242,19.999897
40.254359,20.00004
40.254402,20.000058
40.254441,20.000097
40.254475,20.000138
40.254719,20.000525
40.254754,20.000557
40.254791,20.000584
40.254842,20.000581
40.255062,20.000837
40.255076,20.000893
40.255087,20.001011
40.255141,20.00108
40.25514,20.001203
40.255153,20.001254
40.255233,20.00139
40.255242,20.001509
40.255285,20.001516
40.255479,20.001332
40.255517,20.001349
40.255584,20.001424
40.255628,20.001426
40.255658,20.001465
40.255659,20.001518
40.256074,20.001851
40.25612,20.00188
40.256161,20.001923
40.256196,20.001966
40.256513,20.002123
40.256549,20.002118
40.256618,20.002149
40.25664,20.002187
40.256677,20.002193
40.256733,20.002256
40.256764,20.002399
40.257193,20.002568
40.257212,20.002622
40.25738,20.002666
40.25742,20.002662
40.257582,20.002752
40.257607,20.002905
40.257651,20.002926
40.257697,20.003016
40.257771,20.003071
40.257787,20.003121
40.257854,20.003086
40.257876,20.003128
40.257871,20.003181
40.257954,20.003301
40.257996,20.003306
40.258093,20.003877
40.258131,20.003905
40.25817,20.003877
40.258304,20.003947
40.258331,20.003985
40.258424,20.004084
40.258506,20.004123
40.25855,20.004128
40.258591,20.004137
40.258629,20.004164
40.258712,20.004175
40.25875,20.004164
40.258996,20.004265
40.259047,20.004213
40.25912,20.004247
40.259218,20.00417
40.259294,20.0042
40.259308,20.004294
40.259464,20.004345
40.259505,20.004373
40.259589,20.004489
40.259582,20.004546
40.259595,20.004595
40.259777,20.004628
40.25982,20.004662
40.259869,20.004674
40.260085,20.004631
40.260244,20.004481
40.26027,20.004392
40.260259,20.004343
40.260295,20.004343
40.260475,20.004545
40.260516,20.004561
40.261581,20.004419
40.261671,20.004453
40.261707,20.004451
40.261917,20.004282
40.261935,20.004241
40.261969,20.004261
40.262121,20.004508
40.263437,20.004663
40.263478,20.004689
40.263515,20.004714
40.263561,20.004719
40.263643,20.004738
40.263682,20.004732
40.263821,20.004711
40.263861,20.004724
40.264087,20.004884
40.264123,20.004888
40.264166,20.004875
40.264273,20.004895
40.264314,20.004899
40.264408,20.004958
40.264447,20.004973
40.264529,20.005031
40.264563,20.00507
40.264622,20.005213
40.264724,20.005304
40.264821,20.005343
40.264857,20.00534
40.264901,20.005367
40.265114,20.005393
40.265149,20.005426
40.265226,20.005434
40.265261,20.005464
40.265348,20.005485
40.265393,20.005495
40.265627,20.005407
40.265827,20.005538
40.265923,20.005552
40.265953,20.005642
40.266123,20.005723
40.266545,20.005641
40.266502,20.00574
40.266559,20.005819
40.266582,20.005936
40.266607,20.00598
40.266602,20.00604
40.266645,20.006133
40.266907,20.006038
40.266912,20.005991
40.266972,20.005926
40.267065,20.006046
40.267122,20.006059
40.267165,20.006047
40.267936,20.006459
40.26796,20.006496
40.268064,20.006586
40.268106,20.0066
40.268145,20.006636
40.2682,20.006793
40.268218,20.006837
40.26831,20.006946
40.268292,20.00705
40.268297,20.007103
40.268275,20.007214
40.268292,20.007294
40.268284,20.007407
40.268292,20.007469
40.26831,20.007514
40.268393,20.007643
40.268407,20.007698
40.268514,20.007978
40.268539,20.008012
40.268807,20.008243
40.268843,20.008264
40.268919,20.008316
40.268981,20.008378
40.269038,20.008467
40.269063,20.008504
40.26931,20.008637
40.269358,20.008641
40.269438,20.008689
40.269485,20.008692
40.269715,20.008743
40.269743,20.008775
40.269768,20.008809
40.272853,20.009501
40.272891,20.009494
40.272932,20.009511
40.272959,20.009547
40.273033,20.0096
40.273079,20.009615
40.273201,20.009641
40.27324,20.009639
40.273279,20.00962
40.273879,20.009715
40.273912,20.009753
40.273948,20.009742
40.275,20.00983
40.275089,20.009812
40.275128,20.009826
40.275188,20.009891
40.27523,20.009891
40.275273,20.009879
40.275321,20.009896
40.275389,20.00997
40.275427,20.009973
40.275472,20.009983
40.275808,20.009899
40.275889,20.009943
40.275979,20.009955
40.276019,20.009963
40.276266,20.01006
40.276299,20.010084
40.276452,20.010168
40.276572,20.010178
40.276614,20.010167
40.276696,20.010136
40.27683,20.010138
40.276869,20.01016
40.277414,20.010277
40.277494,20.010301
40.277581,20.010324
40.277671,20.010321
40.277749,20.010303
40.277788,20.01029
40.277819,20.010264
40.277907,20.010229
40.277984,20.010147
40.277973,20.010092
40.277901,20.009883
40.277893,20.009833
40.278005,20.009761
40.27805,20.009758
40.278375,20.010097
40.278393,20.010155
40.278452,20.010229
40.278501,20.01023
40.278627,20.010264
40.278663,20.010273
40.278902,20.01023
40.278943,20.010197
40.278972,20.010146
40.279142,20.010081
40.279184,20.010111
40.279231,20.01012
40.279423,20.010076
40.279473,20.010077
40.279521,20.010081
40.279556,20.010097
40.280166,20.010395
40.280202,20.010411
40.280251,20.010427
40.280337,20.010435
40.280376,20.010451
40.280418,20.010469
40.280626,20.010466
40.280753,20.010412
40.280791,20.01041
40.280828,20.010418
40.281143,20.010387
40.281182,20.010367
40.281261,20.010379
40.281581,20.010195
40.281607,20.010162
40.281766,20.010128
40.281813,20.010128
40.281894,20.010147
40.2822,20.010112
40.282241,20.010099
40.28231,20.010057
40.282386,20.010033
40.282426,20.010028
40.282949,20.010215
40.282991,20.010214
40.28306,20.010164
40.283082,20.010108
40.283107,20.009998
40.283189,20.00994
40.283234,20.009844
40.283238,20.009793
40.283325,20.009686
40.283385,20.009753
40.283393,20.009871
40.283417,20.009967
40.283472,20.010052
40.283542,20.010093
40.283591,20.010117
40.28409,20.010028
40.284133,20.010018
40.284393,20.009889
40.28442,20.009849
40.284439,20.009719
40.284502,20.009648
40.284512,20.009593
40.284538,20.009556
40.284756,20.009632
40.284795,20.009629
40.284961,20.009568
40.285061,20.009561
40.285136,20.009514
40.285185,20.009435
40.286231,20.009138
40.28637,20.009071
40.286439,20.009003
40.286498,20.008859
40.2865,20.008805
40.28657,20.008658
40.286808,20.008444
40.286852,20.00846
40.286934,20.008441
40.287157,20.008386
40.287255,20.008371
40.2873,20.008351
40.287388,20.008288
40.287416,20.00824
40.287462,20.008127
40.287465,20.00808
40.287451,20.008033
40.287481,20.007937
40.287471,20.007879
40.287364,20.007697
40.287375,20.007647
40.287459,20.00763
40.287498,20.007636
40.287886,20.007862
40.287914,20.007902
40.288102,20.00819
40.288137,20.008221
40.288286,20.008298
40.288379,20.008279
40.28846,20.008222
40.288576,20.008178
40.28869,20.008184
40.288769,20.008147
40.288853,20.008174
40.288988,20.008327
40.289247,20.008402
40.289294,20.008436
40.28934,20.008449
40.291002,20.008295
40.291038,20.008276
40.292096,20.007994
40.292155,20.007986
40.292317,20.008001
40.292364,20.007998
40.292399,20.007976
40.29244,20.007994
40.292847,20.007986
40.292885,20.007986
40.293529,20.007648
40.293746,20.007559
40.294062,20.007217
40.294076,20.007168
40.294088,20.007056
40.29417,20.006939
40.294208,20.006926
40.29466,20.0074
40.294805,20.007521
40.294844,20.007548
40.295191,20.007682
40.295231,20.007689
40.295303,20.00773
40.295345,20.007765
40.295593,20.007876
40.295693,20.00797
40.29568,20.008021
40.295599,20.008029
40.294896,20.00815
40.294828,20.008186
40.294819,20.008232
40.294782,20.008214
40.294741,20.008225
40.294727,20.008276
40.294798,20.008413
40.29485,20.008465
40.294803,20.008477
40.294765,20.008456
40.294791,20.008505
40.294936,20.008659
40.295027,20.008704
40.294503,20.008896
40.294423,20.008894
40.294387,20.00891
40.294001,20.008792
40.293868,20.008809
40.293822,20.008829
40.293785,20.008869
40.293763,20.00892
40.293781,20.009027
40.293815,20.009129
40.293919,20.009711
40.294088,20.010073
40.294113,20.010111
40.294668,20.010911
40.295515,20.011051
40.295556,20.011068
40.295599,20.011074
40.295637,20.011078
40.296488,20.011062
40.296524,20.011058
40.296793,20.011103
40.296826,20.011123
40.297056,20.011194
40.297087,20.011221
40.297096,20.01128
40.297494,20.013606
40.297603,20.014138
40.297607,20.014189
40.297622,20.014302
40.297618,20.014361
40.297624,20.014416
40.297807,20.014949
40.297853,20.015031
40.297876,20.01508
40.297914,20.015392
40.297913,20.015443
40.297917,20.015649
40.297887,20.015832
40.297895,20.015892
40.297925,20.016347
40.297913,20.016395
40.297884,20.016665
40.29789,20.016722
40.29805,20.017188
40.298035,20.017346
40.298491,20.018267
40.298515,20.018306
40.298628,20.018401
40.298595,20.018639
40.298576,20.018687
40.298571,20.018743
40.298647,20.018861
40.298678,20.018891
40.29868,20.018946
40.29886,20.019034
40.298887,20.019079
40.298892,20.019136
40.298843,20.01924
40.298854,20.01929
40.29892,20.019372
40.298953,20.019397
40.298941,20.019767
40.298969,20.01992
40.29897,20.019972
40.29883,20.020255
40.298797,20.020294
40.298675,20.02033
40.298488,20.020495
40.298449,20.020502
40.298326,20.020473
40.29599,20.020941
40.295847,20.020966
40.295721,20.020916
40.29564,20.020929
40.295596,20.020909
40.295037,20.020884
40.237256,19.901501
40.237324,19.901493
40.237391,19.901576
40.237365,19.901617
40.237332,19.901638
40.237356,19.901595
40.23733,19.90154
40.237233,19.901695
40.23717,19.901699
40.237196,19.901776
40.237161,19.901802
40.237122,19.901766
40.237089,19.901787
40.236947,19.901731
40.236846,19.901579
40.236747,19.901552
40.236718,19.901582
40.236715,19.901637
40.236801,19.901928
40.236756,19.902012
40.236778,19.902061
40.236769,19.902112
40.23673,19.902122
40.236705,19.902224
40.236734,19.902273
40.2367,19.902419
40.236572,19.90261
40.236536,19.902594
40.236518,19.902547
40.236447,19.902502
40.236435,19.902448
40.236352,19.902405
40.236208,19.902483
40.236129,19.902456
40.236157,19.902423
40.236143,19.902373
40.23606,19.902391
40.236039,19.902439
40.235941,19.902295
40.235888,19.902311
40.235849,19.902355
40.235765,19.902303
40.235769,19.902188
40.235632,19.902333
40.235628,19.902279
40.235547,19.902226
40.2355,19.90223
40.235563,19.901976
40.235676,19.901826
40.235683,19.901496
40.23577,19.901312
40.235691,19.900917
40.235684,19.900871
40.235646,19.900602
40.235647,19.900548
40.235616,19.900431
40.235627,19.900361
40.235808,19.899842
40.235801,19.899341
40.235825,19.899289
40.235858,19.899262
40.236024,19.898878
40.2362,19.897174
40.236521,19.896486
40.251288,19.897765
40.251186,19.897829
40.251094,19.897866
40.251084,19.897758
40.251055,19.897854
40.251013,19.897887
40.250899,19.898131
40.250876,19.898167
40.25074,19.898272
40.250698,19.898281
40.249844,19.898678
40.249582,19.898796
40.249543,19.898811
40.249454,19.898791
40.249371,19.898682
40.249292,19.898703
40.249214,19.898672
40.249172,19.898677
40.249014,19.898614
40.248397,19.897455
40.248372,19.897408
40.247116,19.895999
40.24717,19.895997
40.246939,19.895696
40.246914,19.895657
40.246793,19.895358
40.246772,19.89531
40.246712,19.895241
40.246676,19.895218
40.246114,19.895036
40.246077,19.895009
40.245048,19.894103
40.245021,19.894069
40.244993,19.894029
40.244937,19.893887
40.244909,19.893852
40.244339,19.893254
40.244305,19.893225
40.24422,19.893191
40.244178,19.893188
40.243792,19.893225
40.242943,19.893011
40.242865,19.892959
40.24269,19.892985
40.242654,19.893
40.24258,19.893054
40.242326,19.893136
40.242257,19.893199
40.242225,19.893236
40.24187,19.894208
40.241816,19.894286
40.24173,19.894289
40.241702,19.894245
40.241785,19.893913
40.241785,19.893862
40.241793,19.893755
40.241793,19.893698
40.241702,19.893463
40.241705,19.893346
40.241698,19.893286
40.241689,19.893239
40.241657,19.89314
40.241632,19.893102
40.241399,19.892968
40.24136,19.892933
40.241324,19.892924
40.241246,19.892951
40.240932,19.892933
40.240859,19.892979
40.240823,19.892992
40.240656,19.89298
40.240576,19.892941
40.240354,19.892988
40.240185,19.89318
40.240065,19.893213
40.240031,19.893254
40.238229,19.894683
40.238195,19.894737
40.238163,19.894773
40.238006,19.894859
40.237804,19.895222
40.237777,19.895264
40.237751,19.895296
40.237716,19.895327
40.237358,19.895429
40.237316,19.895429
40.237228,19.895415
40.237194,19.895436
40.237156,19.895429
40.236857,19.895657
40.236817,19.895697
40.236762,19.895778
40.236744,19.895823
40.236727,19.895943
40.236735,19.896102
40.236711,19.896204
40.236617,19.896325
40.236577,19.896343
40.236548,19.896377
40.236527,19.896477